584390699
8600315
501573699
1290851919
7714746
1019117973
30800952
1009542542
16809159
13900073
681712969
688130238
745094856
1267203966
507556307
1043726059
552598843
1149750278
636527552
1157490040
832168918
756511112
500554
1385701192
4202042
2310395
12126481
819470466
23302886
1156050133
21101164
100000093722147
519985330
885020857
814407
10224881
7712929
1333117255
677068179
11307007
1138650086
690140017
660750135
811142
1296158850
730036281
1903895
629039193
1365397856
1610844
1488870024
4902833
1656879843
1013617334
507074175
516588021
100000313450059
1208136539
625670719
1254582661
100000415300590
220401303
1141890135
1156050092
30300333
505670455
1292971455
1121612009
812528912
9800035
1139220077
1051472751
40801002
1156650342
760022976
570003826
1138650013
894795365
6811071
16800368
1156650045
1248120063
519134445
100001417813518
7704577
6804316
2400453
836944340
850564097
668394770
567700974
1205715589
1033545832
1142160033
6823984
6809591
772625237
3627772
2404156
1927046
1102800206
2909752
5208836
3113840
7603981
504786618
505998661
20001769
1677530834
10204044
22902192
591157437
510005130
41602177
10713359
1004556267
6800871
1608111619
571625767
13002282
1244571143
1198905922
13942407
100001374891655
6800963
100000843542157
727107048
2347810
1432866594
1148130372
549536609
69200978
39001364
2328104
16818904
555862814
100000034541017
100000578062227
182500639
1328587726
16814535
618996029
32802128
77803564
538140494
897145297
2320096
5305093
729776723
2302340
655435854
1052504862
100000405797623
100001336590328
7405126
1385753678
21702627
1195991131
545338651
1205906277
11010038
11314355
22904448
568463640
554971758
1167450142
577028223
1402616
6818988
500514567
736328163
5607850
100001385617589
2238735
1082078230
1612505078
755770289
25010727
2231285
5619416
606998137
23445539
737512826
21900928
22016272
1121730133
1418430051
31103125
1485319972
201400204
39806066
1066000115
763146434
1258770022
2339741
1168740123
576011911
721094492
1435997887
