55337526
24222022
69696138
47760633
75968814
62187755
20602615
427043715
36426236
16478661
286302672
20267595
95350530
17562271
70465226
64908581
26126106
27095241
40043353
23988903
47406347
33978353
28387951
26046143
78477624
16336018
387994590
34366855
15899714
21253018
21326430
237629763
28924203
235449258
68838970
113095625
19500377
20493159
33802603
429933856
598759341
174314579
320049468
53043810
36007840
67471655
239014634
192802206
25349507
34917648
55166885
297756770
357769258
42124202
34964485
260317365
41607665
19415199
50181746
29068157
35255363
27786852
31548347
57948612
26086484
289142404
19303132
427043715
55337526
24222022
69696138
47760633
75968814
62187755
20602615
35255363
27786852
31548347
57948612
26086484
289142404
19303132

